acquire 1574
    0380 1574 1578 2478 2548
    2614 2649 2677 2769 2830
    2891 2906 2966 2979 3175
    3192 3416 3822 3842 4309
    4365 4470 4533 4624 4636
    4655 4830 4857 4876 4931
    5258 5291 5362 5375 5880
    5904 5918 6863 6884 6905
    8060 8231 8278 8314
acquiresleep 4622
    0389 4477 4492 4622 5311
    5360
allocproc 2473
    2473 2525 2587
allocuvm 1927
    0430 1927 1941 1947 2565
    6701 6715
alltraps 3304
    3259 3267 3280 3285 3303
    3304
ALT 7760
    7760 7788 7790
argfd 6071
    6071 6123 6138 6157 6168
    6181
argint 3602
    0404 3602 3616 3632 3783
    3806 3820 6076 6138 6157
    6408 6475 6476 6532 6580
    6581 6582
argptr 3611
    0405 3611 6138 6157 6181
    6557
argstr 3629
    0406 3629 6207 6308 6408
    6457 6474 6508 6532
__attribute__ 1305
    0272 0367 1209 1305
BACK 8611
    8611 8724 8870 9139
backcmd 8646 8864
    8646 8659 8725 8864 8866
    8992 9105 9140
BACKSPACE 8150
    8150 8167 8209 8242 8248
balloc 5016
    5016 5036 5417 5425 5429
BBLOCK 4110
    4110 5023 5057
B_DIRTY 3862
    3862 4294 4318 4323 4360
    4378 4486 4519 4939
begin_op 4828
    0336 2644 4828 5933 6024
    6210 6311 6411 6456 6473
    6507 6671
bfree 5052
    5052 5464 5474 5477
bget 4466
    4466 4496 4506
binit 4438
    0263 1230 4438
bmap 5410
    5152 5410 5436 5520 5570
bootmain 9267
    9218 9267
BPB 4107
    4107 4110 5022 5024 5058
bread 4502
    0264 4502 4777 4778 4790
    4806 4890 4891 4985 5006
    5023 5057 5211 5235 5314
    5426 5470 5520 5570
brelse 4526
    0265 4526 4529 4781 4782
    4797 4814 4894 4895 4987
    5009 5029 5034 5064 5217
    5220 5244 5322 5432 5476
    5523 5574
BSIZE 4055
    3859 4055 4074 4101 4107
    4280 4296 4319 4758 4779
    4892 5007 5520 5521 5522
    5566 5570 5571 5572
buf 3850
    0250 0264 0265 0266 0308
    0335 2120 2123 2132 2134
    3850 3856 3857 3858 4213
    4231 4234 4274 4306 4354
    4356 4359 4426 4430 4434
    4440 4453 4465 4468 4501
    4504 4515 4526 4706 4777
    4778 4790 4791 4797 4806
    4807 4813 4814 4890 4891
    4922 4970 4983 5004 5019
    5054 5207 5232 5305 5413
    5459 5506 5556 7980 7991
    7995 7998 8218 8240 8254
    8288 8309 8316 8734 8737
    8738 8739 8753 8765 8766
    8768 8769 8770 8774
B_VALID 3861
    3861 4322 4360 4378 4507
bwrite 4515
    0266 4515 4518 4780 4813
    4893
bzero 5002
    5002 5030
C 7781 8224
    7781 7829 7854 7855 7856
    7857 7858 7860 8224 8234
    8238 8245 8256 8289
CAPSLOCK 7762
    7762 7795 7936
cgaputc 8155
    8155 8213
clearpteu 2022
    0439 2022 2028 6717
cli 0557
    0557 0559 1124 1672 8110
    8204 9162
cmd 8615
    8615 8627 8636 8637 8642
    8643 8648 8652 8656 8665
    8668 8673 8681 8687 8691
    8701 8725 8727 8802 8805
    8807 8808 8809 8810 8813
    8814 8816 8818 8819 8820
    8821 8822 8823 8824 8825
    8826 8829 8830 8832 8834
    8835 8836 8837 8838 8839
    8850 8851 8853 8855 8856
    8857 8858 8859 8860 8863
    8864 8866 8868 8869 8870
    8871 8872 8962 8963 8964
    8965 8967 8971 8974 8980
    8981 8984 8987 8989 8992
    8996 8998 9000 9003 9005
    9008 9010 9013 9014 9025
    9028 9031 9035 9050 9053
    9058 9062 9063 9066 9071
    9072 9078 9087 9088 9094
    9095 9101 9102 9111 9114
    9116 9122 9123 9128 9134
    9140 9141 9144
CMOS_PORT 7527
    7527 7541 7542 7584
cmos_read 7582
    7582 7593 7594 7595 7596
    7597 7598 7607 7614
CMOS_RETURN 7528
    7528 7587
CMOS_STATA 7570
    7570 7614
CMOS_STATB 7571
    7571 7607
cmostime 7602
    0325 7602
CMOS_UIP 7572
    7572 7614
COM1 8364
    8364 8374 8377 8378 8379
    8380 8381 8382 8385 8391
    8392 8407 8409 8417 8419
commit 4901
    4753 4875 4901
CONSOLE 4186
    4186 8328 8329
consoleinit 8324
    0269 1226 8324
consoleintr 8227
    0271 7948 8227 8425
consoleread 8271
    8271 8329
consolewrite 8309
    8309 8328
consputc 8201
    7967 7998 8068 8086 8089
    8093 8094 8201 8242 8248
    8255 8316
context 2326
    0251 0377 2303 2326 2345
    2509 2510 2511 2512 2781
    2822 3028
CONV 7623
    7623 7624 7625 7626 7627
    7628 7629 7630
copyout 2118
    0438 2118 6725 6736
copyuvm 2035
    0435 2035 2046 2048 2592
cprintf 8052
    0270 1254 1941 1947 3026
    3030 3032 3440 3453 3458
    3710 5151 6586 6593 6597
    6614 6619 6624 6675 7709
    8052 8113 8114 8115 8118
cpu 2301
    0311 0363 1254 1268 1506
    1566 1590 1608 1656 1717
    2301 2312 2436 2458 2761
    3440 3453 3458 7263
cpuid 2430
    0358 1254 1723 2430 3415
    3441 3454 3461
CR0_PE 0707
    0707 1137 1170 9193
CR0_PG 0709
    0709 1054 1170
CR0_WP 0708
    0708 1054 1170
CR4_PSE 0711
    0711 1047 1163
create 6357
    6357 6376 6389 6393 6414
    6457 6477
CRTPORT 8151
    8151 8160 8161 8162 8163
    8181 8182 8183 8184
CTL 7759
    7759 7785 7789 7935
DAY 7577
    7577 7596
deallocuvm 1961
    0431 1942 1948 1961 2009
    2568
DEVSPACE 0204
    0204 1813 1826
devsw 4179
    4179 4184 5509 5511 5559
    5561 5862 8328 8329
dinode 4078
    4078 4101 5208 5212 5233
    5236 5306 5315
dirent 4115
    4115 5614 5655 6255 6304
dirlink 5652
    0288 5652 5667 5675 6230
    6388 6392 6393
dirlookup 5611
    0289 5611 5617 5621 5659
    5775 6323 6366
DIRSIZ 4113
    4113 4117 5605 5672 5728
    5729 5792 6204 6305 6360
DPL_USER 0761
    0761 1726 1727 2533 2534
    3373 3468 3478
E0ESC 7766
    7766 7920 7924 7925 7927
    7930
EBADF 3960
    3960 6587
EINVAL 3961
    3961 6615 6620
elfhdr 0905
    0905 6665 9269 9274
ELF_MAGIC 0902
    0902 6684 9280
ELF_PROG_LOAD 0936
    0936 6695
end_op 4853
    0337 2646 4853 5935 6029
    6212 6219 6237 6246 6313
    6347 6352 6416 6421 6427
    6436 6440 6458 6462 6478
    6482 6509 6515 6520 6674
    6709 6760
entry 1044
    0911 1040 1043 1044 3252
    3253 6749 7121 9271 9295
    9296
EOI 7416
    7416 7491 7517
ERROR 7437
    7437 7484
ESPIPE 3963
    3963 6594
ESR 7419
    7419 7487 7488
exec 6660
    0275 6548 6660 6675 8518
    8579 8580 8676 8677
EXEC 8607
    8607 8672 8809 9115
execcmd 8619 8803
    8619 8660 8673 8803 8805
    9071 9077 9078 9106 9116
exit 2627
    0359 2627 2665 3405 3409
    3469 3479 3768 8467 8470
    8511 8576 8581 8666 8675
    8685 8730 8777 8784
EXTMEM 0202
    0202 0208 1810
fdalloc 6103
    6103 6125 6432 6562
fetchint 3567
    0407 3567 3604 6539
fetchstr 3581
    0408 3581 3634 6545
file 4150
    0252 0278 0279 0280 0282
    0283 0284 0351 2348 4150
    4971 5860 5865 5875 5878
    5881 5901 5902 5914 5916
    5952 5965 6002 6065 6071
    6074 6103 6120 6134 6153
    6166 6178 6405 6554 6586
    6590 6624 6808 6822 7961
    8359 8628 8683 8684 8814
    8822 9022
filealloc 5876
    0278 5876 6432 6828
fileclose 5914
    0279 2639 5914 5920 6171
    6434 6565 6566 6854 6856
filedup 5902
    0280 2607 5902 5906 6127
fileinit 5869
    0281 1231 5869
fileread 5965
    0282 5965 5980 6140
filestat 5952
    0283 5952 6183
filewrite 6002
    0284 6002 6034 6039 6159
fill_rtcdate 7591
    7591 7613 7616
FL_IF 0704
    0704 1674 1681 2441 2537
    2819
fork 2580
    0360 2580 3762 8510 8573
    8575 8792 8794
fork1 8788
    8650 8692 8704 8711 8726
    8773 8788
forkret 2853
    2417 2512 2853
freerange 3151
    3111 3135 3141 3151
freevm 2003
    0432 1831 2003 2008 2062
    2690 6752 6757
FSSIZE 0162
    0162 4278
gatedesc 0855
    0523 0526 0855 3361
getcallerpcs 1627
    0381 1591 1627 3028 8116
getcmd 8734
    8734 8765
gettoken 8906
    8906 8991 8995 9007 9020
    9021 9057 9061 9083
growproc 2558
    0361 2558 3809
havedisk1 4233
    4233 4263 4362
holding 1652
    0382 1577 1604 1652 2813
holdingsleep 4651
    0391 4358 4517 4528 4651
    5333
HOURS 7576
    7576 7595
ialloc 5204
    0290 5204 5222 6375 6376
IBLOCK 4104
    4104 5211 5235 5314
ICRHI 7430
    7430 7494 7552 7564
ICRLO 7420
    7420 7495 7496 7553 7555
    7565
ID 7413
    7413 7454 7509
IDE_BSY 4216
    4216 4242
IDE_CMD_RDMUL 4223
    4223 4282
IDE_CMD_READ 4221
    4221 4282
IDE_CMD_WRITE 4222
    4222 4283
IDE_CMD_WRMUL 4224
    4224 4283
IDE_DF 4218
    4218 4244
IDE_DRDY 4217
    4217 4242
IDE_ERR 4219
    4219 4244
ideinit 4251
    0306 1232 4251
ideintr 4304
    0307 3424 4304
idelock 4230
    4230 4255 4309 4312 4330
    4365 4379 4383
iderw 4354
    0308 4354 4359 4361 4363
    4508 4520
idestart 4274
    4234 4274 4277 4285 4328
    4375
idewait 4238
    4238 4257 4287 4318
idtinit 3379
    0415 1255 3379
idup 5289
    0291 2608 5289 5762
iget 5254
    5157 5218 5254 5274 5629
    5760
iinit 5142
    0292 2864 5142
ilock 5303
    0293 5303 5309 5325 5765
    5955 5974 6025 6216 6229
    6242 6317 6325 6364 6368
    6378 6424 6512 6678 8283
    8303 8318
inb 0453
    0453 4242 4262 7396 7587
    7914 7917 8161 8163 8385
    8391 8392 8407 8417 8419
    9173 9181 9304
initlock 1562
    0383 1562 2425 3133 3375
    4255 4442 4615 4762 5146
    5871 6836 8326
initlog 4756
    0334 2865 4756 4759
initsleeplock 4613
    0392 4456 4613 5148
inituvm 1886
    0433 1886 1891 2530
inode 4162
    0253 0288 0289 0290 0291
    0293 0294 0295 0296 0297
    0299 0300 0301 0302 0303
    0434 1903 2349 4156 4162
    4180 4181 4974 5138 5148
    5157 5203 5230 5253 5256
    5262 5288 5289 5303 5331
    5358 5382 5410 5456 5488
    5503 5553 5610 5611 5652
    5656 5754 5757 5789 5800
    6205 6252 6303 6356 6359
    6406 6454 6469 6504 6593
    6666 8271 8309
INPUT_BUF 8216
    8216 8218 8240 8252 8254
    8256 8288
insl 0462
    0462 0464 4319 9323
install_trans 4772
    4772 4821 4906
INT_DISABLED 7669
    7669 7714
ioapic 7677
    7358 7375 7376 7674 7677
    7686 7687 7693 7694 7705
IOAPIC 7658
    7658 7705
ioapicenable 7720
    0311 4256 7720 8332 8393
ioapicid 7265
    0312 7265 7376 7708 7709
ioapicinit 7701
    0313 1225 7701 7709
ioapicread 7684
    7684 7706 7707
ioapicwrite 7691
    7691 7714 7715 7725 7726
IPB 4101
    4101 4104 5212 5236 5315
iput 5358
    0294 2645 5358 5385 5660
    5783 5934 6235 6519
IRQ_COM1 3233
    3233 3434 8393
IRQ_ERROR 3235
    3235 7484
IRQ_IDE 3234
    3234 3423 3427 4256
IRQ_KBD 3232
    3232 3430 8332
IRQ_SPURIOUS 3236
    3236 3439 7464
IRQ_TIMER 3231
    3231 3414 3474 7471
isdirempty 6252
    6252 6259 6329
itrunc 5456
    4974 5367 5456
iunlock 5331
    0295 5331 5334 5384 5772
    5957 5977 6028 6225 6439
    6518 8276 8313
iunlockput 5382
    0296 5382 5767 5776 5779
    6218 6231 6234 6245 6330
    6341 6345 6351 6367 6371
    6395 6426 6435 6461 6481
    6514 6708 6759
iupdate 5230
    0297 5230 5369 5482 5579
    6224 6244 6339 6344 6382
    6386
kalloc 3187
    0316 1284 1744 1823 1892
    1939 2051 2494 3187 6830
KBDATAP 7754
    7754 7917
kbdgetc 7906
    7906 7948
kbdintr 7946
    0322 3431 7946
KBS_DIB 7753
    7753 7915
KBSTATP 7752
    7752 7914
KERNBASE 0207
    0207 0208 0210 0211 0213
    0214 1310 1634 1810 1932
    2009
KERNLINK 0208
    0208 1811 9360
KEY_DEL 7778
    7778 7819 7841 7865
KEY_DN 7772
    7772 7815 7837 7861
KEY_END 7770
    7770 7818 7840 7864
KEY_HOME 7769
    7769 7818 7840 7864
KEY_INS 7777
    7777 7819 7841 7865
KEY_LF 7773
    7773 7817 7839 7863
KEY_PGDN 7776
    7776 7816 7838 7862
KEY_PGUP 7775
    7775 7816 7838 7862
KEY_RT 7774
    7774 7817 7839 7863
KEY_UP 7771
    7771 7815 7837 7861
kfree 3164
    0317 1949 1977 1979 2013
    2016 2055 2593 2688 3156
    3164 3169 6852 6873
kill 2975
    0362 2975 3459 3785 8517
kinit1 3131
    0318 1219 3131
kinit2 3139
    0319 1234 3139
KSTACKSIZE 0151
    0151 1058 1067 1285 1874
    2498
kvmalloc 1840
    0427 1220 1840
lapiceoi 7514
    0328 3421 3425 3432 3436
    3442 7514
lapicid 7505
    0326 2444 7505 8113
lapicinit 7458
    0329 1222 1245 7458
lapicstartap 7533
    0330 1289 7533
lapicw 7451
    7451 7464 7470 7471 7472
    7475 7476 7481 7484 7487
    7488 7491 7494 7495 7501
    7517 7552 7553 7555 7564
    7565
lcr3 0590
    0590 1855 1879
lgdt 0512
    0512 0520 1135 1728 9191
lidt 0526
    0526 0534 3381
LINT0 7435
    7435 7475
LINT1 7436
    7436 7476
LIST 8610
    8610 8690 8857 9133
listcmd 8640 8851
    8640 8661 8691 8851 8853
    8996 9107 9134
loaduvm 1903
    0434 1903 1909 1912 6705
log 4738 4750
    4738 4750 4762 4764 4765
    4766 4776 4777 4778 4790
    4793 4794 4795 4806 4809
    4810 4811 4822 4830 4832
    4833 4834 4836 4838 4839
    4857 4858 4859 4860 4861
    4863 4868 4870 4876 4877
    4878 4879 4889 4890 4891
    4903 4907 4926 4928 4931
    4932 4933 4936 4937 4938
    4940
logheader 4733
    4733 4745 4758 4759 4791
    4807
LOGSIZE 0160
    0160 4735 4834 4926
log_write 4922
    0335 4922 4929 5008 5028
    5063 5216 5243 5430 5573
ltr 0538
    0538 0540 1878
mappages 1760
    1760 1829 1894 1946 2054
MAXARG 0158
    0158 6528 6664 6722
MAXARGS 8613
    8613 8621 8622 9090
MAXFILE 4075
    4075 5566
MAXOPBLOCKS 0159
    0159 0160 0161 4834 6017
memcmp 6965
    0395 6965 7287 7338 7617
memmove 6981
    0396 1275 1895 2053 2132
    4779 4892 4986 5242 5321
    5522 5572 5729 5731 6981
    7004 8176
memset 6954
    0397 1747 1825 1893 1945
    2511 2532 3172 5007 5214
    6334 6535 6954 8178 8737
    8808 8819 8835 8856 8869
microdelay 7523
    0331 7523 7554 7556 7566
    7585 8408
min 4973
    4973 5521 5571
MINS 7575
    7575 7594
MONTH 7578
    7578 7597
mp 7102
    7102 7258 7279 7286 7287
    7288 7305 7310 7314 7315
    7318 7319 7330 7333 7335
    7337 7344 7355 7360 7392
MPBUS 7152
    7152 7379
mpconf 7113
    7113 7329 7332 7337 7356
mpconfig 7330
    7330 7360
mpenter 1241
    1241 1286
mpinit 7351
    0341 1221 7351
mpioapic 7139
    7139 7358 7375 7377
MPIOAPIC 7153
    7153 7374
MPIOINTR 7154
    7154 7380
MPLINTR 7155
    7155 7381
mpmain 1252
    1209 1236 1246 1252
mpproc 7128
    7128 7357 7367 7372
MPPROC 7151
    7151 7366
mpsearch 7306
    7306 7335
mpsearch1 7280
    7280 7314 7318 7321
multiboot_header 1029
    1028 1029
mycpu 2437
    0363 1256 1278 1590 1656
    1673 1674 1675 1683 1685
    1870 1871 1872 1873 1874
    1877 2431 2437 2442 2461
    2761 2815 2821 2822 2823
myproc 2457
    0364 2457 2561 2584 2629
    2675 2811 2831 2876 3404
    3406 3408 3451 3460 3462
    3468 3473 3478 3569 3584
    3604 3614 3704 3791 3808
    3825 4629 4656 5762 6078
    6106 6170 6505 6564 6590
    6669 6887 6907 8281
namecmp 5603
    0298 5603 5624 6320
namei 5790
    0299 2542 5790 6211 6420
    6508 6673
nameiparent 5801
    0300 5755 5770 5782 5801
    6227 6312 6362
namex 5755
    5755 5793 5803
NBUF 0161
    0161 4430 4453
ncpu 7264
    1277 2313 2447 4256 7264
    7368 7369 7370
NCPU 0152
    0152 2312 7263 7368
NDEV 0156
    0156 5509 5559 5862
NDIRECT 4073
    4073 4075 4084 4174 5415
    5420 5424 5425 5462 5469
    5470 5477 5478
NELEM 0442
    0442 1828 3022 3707 6537
nextpid 2416
    2416 2489
NFILE 0154
    0154 5865 5881
NINDIRECT 4074
    4074 4075 5422 5472
NINODE 0155
    0155 5138 5147 5262
NO 7756
    7756 7802 7805 7807 7808
    7809 7810 7812 7824 7827
    7829 7830 7831 7832 7834
    7852 7853 7855 7856 7857
    7858
NOFILE 0153
    0153 2348 2605 2637 6078
    6108 6585
NPDENTRIES 0791
    0791 1306 2010
NPROC 0150
    0150 2411 2480 2654 2681
    2770 2957 2980 3019
NSEGS 0721
    0721 2305
nulterminate 9102
    8965 8980 9102 9123 9129
    9130 9135 9136 9141
NUMLOCK 7763
    7763 7796
O_CREATE 3953
    3953 6413 9028 9031
O_RDONLY 3950
    3950 6425 9025
O_RDWR 3952
    3952 6446 8564 8566 8757
outb 0471
    0471 4260 4269 4288 4289
    4290 4291 4292 4293 4295
    4298 7395 7396 7541 7542
    7584 8160 8162 8181 8182
    8183 8184 8374 8377 8378
    8379 8380 8381 8382 8409
    9178 9186 9314 9315 9316
    9317 9318 9319
outsl 0483
    0483 0485 4296
outw 0477
    0477 1180 1182 9224 9226
O_WRONLY 3951
    3951 6445 6446 9028 9031
P2V 0211
    0211 1219 1234 1274 1742
    1826 1918 1978 2012 2053
    2111 7284 7312 7337 7543
    8152
panic 8105 8781
    0272 1578 1605 1682 1684
    1771 1827 1863 1865 1867
    1891 1909 1912 1977 2008
    2028 2046 2048 2442 2451
    2529 2634 2665 2814 2816
    2818 2820 2879 2882 3169
    3455 4277 4279 4285 4359
    4361 4363 4496 4518 4529
    4759 4860 4927 4929 5036
    5061 5222 5274 5309 5325
    5334 5436 5617 5621 5667
    5675 5906 5920 5980 6034
    6039 6259 6328 6336 6376
    6389 6393 7361 7390 8063
    8105 8113 8173 8651 8670
    8703 8781 8794 8978 9022
    9056 9060 9086 9091
panicked 7969
    7969 8119 8203
parseblock 9051
    9051 9056 9075
parsecmd 8968
    8652 8774 8968
parseexec 9067
    8964 9005 9067
parseline 8985
    8962 8974 8985 8996 9058
parsepipe 9001
    8963 8989 9001 9008
parseredirs 9014
    9014 9062 9081 9092
PCINT 7434
    7434 7481
pde_t 0103
    0103 0428 0429 0430 0431
    0432 0433 0434 0435 0438
    0439 1210 1260 1306 1710
    1735 1737 1760 1817 1820
    1823 1886 1903 1927 1961
    2003 2022 2034 2035 2037
    2102 2118 2339 6668
PDX 0782
    0782 1740 1973
PDXSHIFT 0796
    0782 0788 0796 1310
peek 8951
    8951 8975 8990 8994 9006
    9019 9055 9059 9074 9082
PGADDR 0788
    0788 1973
PGROUNDDOWN 0799
    0799 1765 1766 2125
PGROUNDUP 0798
    0798 1937 1969 3154 6714
PGSIZE 0793
    0793 0798 0799 1305 1747
    1775 1776 1825 1890 1893
    1894 1908 1910 1914 1917
    1938 1945 1946 1970 1973
    2044 2053 2054 2129 2135
    2531 2538 3155 3168 3172
    6703 6715 6717
PHYSTOP 0203
    0203 1234 1812 1826 1827
    3168
pinit 2423
    0365 1228 2423
pipe 6812
    0254 0352 0353 0354 4155
    5931 5972 6009 6593 6812
    6824 6830 6836 6840 6844
    6861 6880 6901 8513 8702
    8703
PIPE 8609
    8609 8700 8836 9127
pipealloc 6822
    0351 6559 6822
pipeclose 6861
    0352 5931 6861
pipecmd 8634 8830
    8634 8662 8701 8830 8832
    9008 9108 9128
piperead 6901
    0353 5972 6901
PIPESIZE 6810
    6810 6814 6886 6894 6916
pipewrite 6880
    0354 6009 6880
popcli 1679
    0386 1622 1657 1679 1682
    1684 1880 2463
printint 7977
    7977 8076 8080
proc 2337
    0255 0364 0369 0436 1205
    1558 1706 1860 2309 2337
    2343 2406 2411 2414 2456
    2459 2462 2472 2475 2480
    2522 2561 2583 2584 2629
    2630 2654 2673 2675 2681
    2760 2762 2770 2777 2786
    2811 2876 2955 2957 2977
    2980 3015 3019 3355 3459
    3555 3569 3584 3614 3704
    3757 4207 4608 4966 6061
    6106 6505 6654 6669 6804
    7261 7357 7367 7369 7964
    8361
procdump 3004
    0366 3004 8266
proghdr 0924
    0924 6667 9270 9284
PTE_ADDR 0807
    0807 1742 1913 1975 2012
    2049 2111
PTE_FLAGS 0808
    0808 2050
PTE_P 0801
    0801 1308 1310 1741 1751
    1770 1772 1974 2011 2047
    2107
PTE_PS 0804
    0804 1308 1310
pte_t 0811
    0811 1734 1738 1742 1744
    1763 1906 1963 2024 2038
    2104
PTE_U 0803
    0803 1751 1894 1946 2029
    2109
PTE_W 0802
    0802 1308 1310 1751 1810
    1812 1813 1894 1946
PTX 0785
    0785 1753
PTXSHIFT 0795
    0785 0788 0795
pushcli 1667
    0385 1576 1655 1667 1869
    2460
rcr2 0582
    0582 3454 3461
readeflags 0544
    0544 1671 1681 2441 2819
read_head 4788
    4788 4820
readi 5503
    0301 1918 5503 5620 5666
    5975 6258 6259 6682 6693
readsb 4981
    0287 4763 4981 5150
readsect 9310
    9310 9345
readseg 9329
    9264 9277 9288 9329
recover_from_log 4818
    4752 4767 4818
REDIR 8608
    8608 8680 8820 9121
redircmd 8625 8814
    8625 8663 8681 8814 8816
    9025 9028 9031 9109 9122
REG_ID 7660
    7660 7707
REG_TABLE 7662
    7662 7714 7715 7725 7726
REG_VER 7661
    7661 7706
release 1602
    0384 1602 1605 2484 2491
    2552 2618 2696 2702 2788
    2833 2857 2892 2905 2968
    2986 2990 3180 3197 3419
    3826 3831 3844 4312 4330
    4383 4476 4491 4545 4630
    4640 4657 4839 4870 4879
    4940 5265 5281 5293 5364
    5377 5884 5888 5908 5922
    5928 6872 6875 6888 6897
    6908 6919 8101 8264 8282
    8302 8317
releasesleep 4634
    0390 4531 4634 5336 5373
ROOTDEV 0157
    0157 2864 2865 5760
ROOTINO 4054
    4054 5760
rtcdate 0950
    0256 0325 0950 7591 7602
    7604
run 3115
    3011 3115 3116 3122 3166
    3176 3189 7361
runcmd 8656
    8656 8670 8687 8693 8695
    8709 8716 8727 8774
RUNNING 2334
    2334 2779 2817 3011 3473
safestrcpy 7032
    0398 2541 2610 6743 7032
sb 4977
    0287 4104 4110 4761 4763
    4764 4765 4977 4981 4986
    5022 5023 5024 5057 5150
    5151 5152 5153 5154 5210
    5211 5235 5314 7605 7607
    7609
sched 2808
    0368 2664 2808 2814 2816
    2818 2820 2832 2898
scheduler 2758
    0367 1257 2303 2758 2781
    2822
SCROLLLOCK 7764
    7764 7797
SECS 7574
    7574 7593
SECTOR_SIZE 4215
    4215 4280
SECTSIZE 9262
    9262 9323 9336 9339 9344
SEEK_CUR 3957
    3957 6607
SEEK_END 3958
    3958 6610
SEEK_SET 3956
    3956 6604
SEG 0751
    0751 1724 1725 1726 1727
SEG16 0755
    0755 1870
SEG_ASM 0660
    0660 1189 1190 9234 9235
segdesc 0725
    0509 0512 0725 0751 0755
    2305
seginit 1715
    0426 1223 1244 1715
SEG_KCODE 0714
    0714 1143 1724 3372 3373
    9203
SEG_KDATA 0715
    0715 1153 1725 1873 3313
    9208
SEG_NULLASM 0654
    0654 1188 9233
SEG_TSS 0718
    0718 1870 1872 1878
SEG_UCODE 0716
    0716 1726 2533
SEG_UDATA 0717
    0717 1727 2534
SETGATE 0875
    0875 3372 3373
setupkvm 1818
    0428 1818 1842 2042 2528
    6687
SHIFT 7758
    7758 7786 7787 7935
skipelem 5715
    5715 5764
sleep 2874
    0370 2707 2874 2879 2882
    3009 3829 4379 4615 4626
    4833 4836 6892 6911 8286
    8529
sleeplock 3901
    0258 0389 0390 0391 0392
    3854 3901 4166 4211 4424
    4610 4613 4622 4634 4651
    4704 4968 5859 6064 6807
    7959 8357
spinlock 1501
    0257 0370 0380 0382 0383
    0384 0418 1501 1559 1562
    1574 1602 1652 2407 2410
    2874 3109 3120 3358 3363
    3903 4210 4230 4423 4429
    4609 4703 4739 4967 5137
    5858 5864 6063 6806 6813
    7958 7972 8356
STA_R 0667 0766
    0667 0766 1189 1724 1726
    9234
start 1123 8459 9161
    1122 1123 1166 1174 1176
    4740 4764 4777 4790 4806
    4890 5152 8458 8459 9160
    9161 9217
startothers 1264
    1208 1233 1264
stat 4004
    0259 0283 0302 4004 4964
    5488 5952 6059 6179 8553
stati 5488
    0302 5488 5956
STA_W 0666 0765
    0666 0765 1190 1725 1727
    9235
STA_X 0665 0764
    0665 0764 1189 1724 1726
    9234
sti 0563
    0563 0565 1686 2766
stosb 0492
    0492 0494 6960 9290
stosl 0501
    0501 0503 6958
strlen 7051
    0399 6724 6725 7051 8768
    8973
strncmp 7008
    0400 5605 7008
strncpy 7018
    0401 5672 7018
STS_IG32 0770
    0770 0881
STS_T32A 0769
    0769 1870
STS_TG32 0771
    0771 0881
sum 7268
    7268 7270 7272 7274 7275
    7287 7342
superblock 4063
    0260 0287 4063 4761 4977
    4981
SVR 7417
    7417 7464
switchkvm 1853
    0437 1243 1843 1853 2782
switchuvm 1860
    0436 1860 1863 1865 1867
    2572 2778 6751
swtch 3059
    0377 2781 2822 3058 3059
syscall 3701
    0409 3407 3557 3701
SYSCALL 8503 8510 8511 8512 8513 8514 8515 8516 8517 8518 8519 8520 8521 8522 8523 8524 8525 8526 8527 8528 8529 8530 8531
    8510 8511 8512 8513 8514
    8515 8516 8517 8518 8519
    8520 8521 8522 8523 8524
    8525 8526 8527 8528 8529
    8530 8531
sys_chdir 6501
    3650 3682 6501
SYS_chdir 3509
    3509 3682
sys_close 6163
    3651 3694 6163
SYS_close 3521
    3521 3694
sys_dup 6118
    3652 3683 6118
SYS_dup 3510
    3510 3683
sys_exec 6526
    3653 3680 6526
SYS_exec 3507
    3507 3680 8463
sys_exit 3766
    3654 3675 3766
SYS_exit 3502
    3502 3675 8468
sys_fork 3760
    3655 3674 3760
SYS_fork 3501
    3501 3674
sys_fstat 6176
    3656 3681 6176
SYS_fstat 3508
    3508 3681
sys_getpid 3789
    3657 3684 3789
SYS_getpid 3511
    3511 3684
sys_kill 3779
    3658 3679 3779
SYS_kill 3506
    3506 3679
sys_link 6202
    3659 3692 6202
SYS_link 3519
    3519 3692
SYS_lseek 3523
    3523 3695
sys_mkdir 6451
    3660 3693 6451
SYS_mkdir 3520
    3520 3693
sys_mknod 6467
    3661 3690 6467
SYS_mknod 3517
    3517 3690
sys_open 6401
    3662 3688 6401
SYS_open 3515
    3515 3688
sys_pipe 6551
    3663 3677 6551
SYS_pipe 3504
    3504 3677
sys_read 6132
    3664 3678 6132
SYS_read 3505
    3505 3678
sys_sbrk 3801
    3665 3685 3801
SYS_sbrk 3512
    3512 3685
sys_sleep 3815
    3666 3686 3815
SYS_sleep 3513
    3513 3686
sys_unlink 6301
    3667 3691 6301
SYS_unlink 3518
    3518 3691
sys_uptime 3838
    3670 3687 3838
SYS_uptime 3514
    3514 3687
sys_wait 3773
    3668 3676 3773
SYS_wait 3503
    3503 3676
sys_write 6151
    3669 3689 6151
SYS_write 3516
    3516 3689
taskstate 0814
    0814 2304
TDCR 7441
    7441 7470
T_DEV 4002
    4002 5508 5558 6477
T_DIR 4000
    4000 5616 5766 6217 6329
    6337 6384 6425 6457 6513
T_FILE 4001
    4001 6369 6414
ticks 3364
    0416 3364 3417 3418 3823
    3824 3829 3843
tickslock 3363
    0418 3363 3375 3416 3419
    3822 3826 3829 3831 3842
    3844
TICR 7439
    7439 7472
TIMER 7431
    7431 7471
T_IRQ0 3229
    3229 3414 3423 3427 3430
    3434 3438 3439 3474 7464
    7471 7484 7714 7725
TPR 7415
    7415 7501
trap 3401
    3252 3254 3319 3401 3453
    3455 3458
trapframe 0602
    0602 2344 2502 3401
trapret 3324
    2418 2507 3323 3324
T_SYSCALL 3226
    3226 3373 3403 8464 8469
    8507
tvinit 3367
    0417 1229 3367
uart 8366
    8366 8387 8405 8415
uartgetc 8413
    8413 8425
uartinit 8369
    0421 1227 8369
uartintr 8423
    0422 3435 8423
uartputc 8401
    0423 8210 8212 8397 8401
userinit 2520
    0371 1235 2520 2529
uva2ka 2102
    0429 2102 2126
V2P 0210
    0210 1287 1289 1751 1811
    1812 1855 1879 1894 1946
    2054 3168
V2P_WO 0213
    0213 1040 1050
VER 7414
    7414 7480
wait 2671
    0372 2671 3775 8512 8583
    8694 8720 8721 8775
waitdisk 9301
    9301 9313 9322
wakeup 2964
    0373 2964 3418 4324 4639
    4868 4878 6866 6869 6891
    6896 6918 8258
wakeup1 2953
    2420 2651 2658 2953 2967
walkpgdir 1735
    1735 1768 1911 1971 2026
    2045 2106
write_head 4804
    4804 4823 4905 4908
writei 5553
    0303 5553 5674 6026 6335
    6336
write_log 4885
    4885 4904
xchg 0569
    0569 1256 1581
YEAR 7579
    7579 7598
yield 2828
    0374 2828 3475
